101
0 3
3 5
3 5
4 7
5 7
9 -9
-4 3
0 6
-5 55
44 4464
23 23
25 35
69 36
-6 46
09 46
8 7
0 3
3 5
3 5
4 7
5 7
9 -9
-4 3
0 6
-5 55
44 4464
23 23
25 35
69 36
-6 46
09 46
8 7
0 3
3 5
3 5
4 7
5 7
9 -9
-4 3
0 6
-5 55
44 4464
23 23
25 35
69 36
-6 46
09 46
8 7
0 3
3 5
3 5
4 7
5 7
9 -9
1 2
3 4
5 6
7 8
9 10
11 12
13 14
15 16
17 18
-1 -2
-2 -3
-3 -4
-4 -5
-5 -6
-7 -8
-9 -10
1 -1
2 -2
3 -4
4 -4
5 -5
-6 6
6 -6
7 -7
-7 7
-8 8
9 -9
10 -10
-1 1
1.3 14
-19 41
1 -90
2 -90
3 -90
4 -90
5 -90
5 -90
5 -91
5 901
9 -924
3 -9
6 -09
2 -94.4
9.2 -9
1 9.3
-7 9.2
4 .4
